1086.1262	0.00
1086.1603	0.00
1086.1612	0.00
1086.1613	0.00
1086.1618	0.00
1086.1698	0.00
1086.1717	0.00
1086.1747	0.00
1086.1765	0.00
1086.1772	0.00
1086.1782	0.00
1086.1790	0.00
1086.1809	0.00
1086.1812	0.00
1086.1826	0.00
1086.1830	0.00
1086.1838	0.00
1086.1850	0.00
1086.1852	0.00
1086.1859	0.00
1086.1865	0.00
1086.1870	0.00
1086.1871	0.00
1086.1873	0.00
1086.1885	0.00
1086.1891	0.00
1086.1893	0.00
1086.1901	0.00
1086.1907	0.00
1086.1916	0.00
1086.1926	0.00
1086.1928	0.00
1086.1931	0.00
1086.1932	0.00
1086.1933	0.00
1086.1939	0.00
1086.1943	0.00
1086.1946	0.00
1086.1948	0.00
1086.1949	0.00
1086.1950	0.00
1086.1954	0.00
1086.1957	0.00
1086.1958	0.00
1086.1959	0.00
1086.1962	0.00
1086.1968	0.00
1086.1970	0.00
1086.1974	0.00
1086.1984	0.00
1086.1985	0.00
1086.1986	0.00
1086.1987	0.00
1086.1988	0.00
1086.1993	0.00
1086.1996	0.00
1086.1998	0.00
1086.2001	0.00
1086.2003	0.00
1086.2005	0.00
1086.2006	0.00
1086.2007	0.00
1086.2009	0.00
1086.2010	0.00
1086.2011	0.00
1086.2020	0.00
1086.2023	0.00
1086.2024	0.00
1086.2027	0.00
1086.2030	0.00
1086.2032	0.00
1086.2033	0.00
1086.2038	0.00
1086.2041	0.00
1086.2042	0.00
1086.2044	0.00
1086.2047	0.00
1086.2048	0.00
1086.2056	0.00
1086.2057	0.00
1086.2058	0.00
1086.2060	0.00
1086.2064	0.00
1086.2065	0.00
1086.2068	0.00
1086.2070	0.00
1086.2071	0.00
1086.2074	0.00
1086.2076	0.00
1086.2079	0.00
1086.2082	0.00
1086.2083	0.00
1086.2085	0.00
1086.2086	0.00
1086.2087	0.00
1086.2090	0.00
1086.2092	0.00
1086.2093	0.00
1086.2094	0.00
1086.2095	0.00
1086.2096	0.00
1086.2104	0.00
1086.2109	0.00
1086.2110	0.00
1086.2111	0.00
1086.2112	0.00
1086.2115	0.00
1086.2116	0.00
1086.2117	0.00
1086.2118	0.00
1086.2119	0.00
1086.2120	0.00
1086.2124	0.00
1086.2131	0.00
1086.2132	0.00
1086.2134	0.00
1086.2135	0.00
1086.2136	0.00
1086.2138	0.00
1086.2139	0.00
1086.2141	0.00
1086.2142	0.00
1086.2144	0.00
1086.2146	0.00
1086.2148	0.00
1086.2150	0.00
1086.2152	0.00
1086.2156	0.00
1086.2159	0.00
1086.2160	0.00
1086.2161	0.00
1086.2164	0.00
1086.2165	0.00
1086.2167	0.00
1086.2168	0.00
1086.2169	0.00
1086.2170	0.00
1086.2172	0.00
1086.2173	0.00
1086.2174	0.00
1086.2177	0.00
1086.2179	0.00
1086.2180	0.00
1086.2185	0.00
1086.2186	0.00
1086.2188	0.00
1086.2190	0.00
1086.2191	0.00
1086.2194	0.00
1086.2197	0.00
1086.2199	0.00
1086.2200	0.00
1086.2202	0.00
1086.2203	0.00
1086.2208	0.00
1086.2211	0.00
1086.2212	0.00
1086.2214	0.00
1086.2215	0.00
1086.2216	0.00
1086.2218	0.00
1086.2219	0.00
1086.2222	0.00
1086.2223	0.00
1086.2224	0.00
1086.2225	0.00
1086.2227	0.00
1086.2228	0.00
1086.2233	0.00
1086.2234	0.00
1086.2237	0.00
1086.2239	0.00
1086.2241	0.00
1086.2242	0.00
1086.2245	0.00
1086.2248	0.00
1086.2249	0.00
1086.2250	0.00
1086.2251	0.00
1086.2253	0.00
1086.2256	0.00
1086.2259	0.00
1086.2260	0.00
1086.2261	0.00
1086.2264	0.00
1086.2265	0.00
1086.2266	0.00
1086.2269	0.00
1086.2270	0.00
1086.2272	0.00
1086.2273	0.00
1086.2274	0.00
1086.2275	0.00
1086.2278	0.00
1086.2279	0.00
1086.2280	0.00
1086.2281	0.00
1086.2282	0.00
1086.2283	0.00
1086.2285	0.00
1086.2287	0.00
1086.2290	0.00
1086.2293	0.00
1086.2295	0.00
1086.2298	0.00
1086.2299	0.00
1086.2300	0.00
1086.2301	0.00
1086.2304	0.00
1086.2305	0.00
1086.2306	0.00
1086.2308	0.00
1086.2310	0.00
1086.2311	0.00
1086.2312	0.00
1086.2313	0.00
1086.2314	0.00
1086.2315	0.00
1086.2316	0.00
1086.2317	0.00
1086.2318	0.00
1086.2319	0.00
1086.2321	0.00
1086.2323	0.00
1086.2324	0.00
1086.2325	0.00
1086.2326	0.00
1086.2327	0.00
1086.2328	0.00
1086.2329	0.00
1086.2330	0.00
1086.2331	0.00
1086.2332	0.00
1086.2334	0.00
1086.2335	0.00
1086.2336	0.00
1086.2338	0.00
1086.2339	0.00
1086.2340	0.00
1086.2341	0.00
1086.2343	0.00
1086.2344	0.00
1086.2345	0.00
1086.2346	0.00
1086.2348	0.00
1086.2349	0.00
1086.2351	0.00
1086.2352	0.00
1086.2354	0.00
1086.2356	0.00
1086.2358	0.00
1086.2359	0.00
1086.2360	0.00
1086.2361	0.00
1086.2362	0.00
1086.2366	0.00
1086.2367	0.00
1086.2369	0.00
1086.2372	0.00
1086.2374	0.00
1086.2375	0.00
1086.2379	0.00
1086.2380	0.00
1086.2381	0.00
1086.2382	0.00
1086.2384	0.00
1086.2385	0.00
1086.2386	0.00
1086.2387	0.00
1086.2388	0.00
1086.2389	0.00
1086.2390	0.00
1086.2391	0.00
1086.2392	0.00
1086.2394	0.00
1086.2395	0.00
1086.2396	0.00
1086.2397	0.00
1086.2398	0.00
1086.2401	0.00
1086.2403	0.00
1086.2404	0.00
1086.2405	0.00
1086.2406	0.00
1086.2407	0.00
1086.2408	0.00
1086.2410	0.00
1086.2411	0.00
1086.2412	0.00
1086.2413	0.00
1086.2414	0.00
1086.2417	0.00
1086.2418	0.00
1086.2419	0.00
1086.2420	0.00
1086.2421	0.00
1086.2423	0.00
1086.2425	0.00
1086.2429	0.00
1086.2430	0.00
1086.2431	0.00
1086.2432	0.00
1086.2434	0.00
1086.2435	0.00
1086.2436	0.00
1086.2437	0.00
1086.2438	0.00
1086.2439	0.00
1086.2441	0.00
1086.2442	0.00
1086.2443	0.00
1086.2445	0.00
1086.2446	0.00
1086.2448	0.00
1086.2450	0.00
1086.2452	0.00
1086.2454	0.00
1086.2455	0.00
1086.2456	0.00
1086.2458	0.00
1086.2459	0.00
1086.2460	0.00
1086.2461	0.00
1086.2462	0.00
1086.2463	0.00
1086.2468	0.00
1086.2469	0.00
1086.2472	0.00
1086.2473	0.00
1086.2474	0.00
1086.2476	0.00
1086.2481	0.00
1086.2483	0.00
1086.2486	0.00
1086.2487	0.00
1086.2488	0.00
1086.2489	0.00
1086.2490	0.00
1086.2491	0.00
1086.2492	0.00
1086.2493	0.00
1086.2494	0.00
1086.2495	0.00
1086.2497	0.00
1086.2499	0.00
1086.2500	0.00
1086.2501	0.00
1086.2502	0.00
1086.2507	0.00
1086.2508	0.00
1086.2509	0.00
1086.2511	0.00
1086.2512	0.00
1086.2513	0.00
1086.2514	0.00
1086.2515	0.00
1086.2517	0.00
1086.2518	0.00
1086.2521	0.00
1086.2523	0.00
1086.2524	0.00
1086.2525	0.00
1086.2526	0.00
1086.2527	0.00
1086.2528	0.00
1086.2529	0.00
1086.2530	0.00
1086.2531	0.00
1086.2532	0.00
1086.2533	0.00
1086.2534	0.00
1086.2535	0.00
1086.2536	0.00
1086.2537	0.00
1086.2538	0.00
1086.2539	0.00
1086.2540	0.00
1086.2543	0.00
1086.2544	0.00
1086.2545	0.00
1086.2546	0.00
1086.2547	0.00
1086.2548	0.00
1086.2549	0.00
1086.2550	0.00
1086.2551	0.00
1086.2552	0.00
1086.2554	0.00
1086.2555	0.00
1086.2556	0.00
1086.2560	0.00
1086.2562	0.00
1086.2563	0.00
1086.2565	0.00
1086.2566	0.00
1086.2567	0.00
1086.2568	0.00
1086.2569	0.00
1086.2570	0.00
1086.2571	0.00
1086.2572	0.00
1086.2576	0.00
1086.2577	0.00
1086.2578	0.00
1086.2579	0.00
1086.2581	0.00
1086.2582	0.00
1086.2583	0.00
1086.2585	0.00
1086.2586	0.00
1086.2587	0.00
1086.2588	0.00
1086.2590	0.00
1086.2591	0.00
1086.2593	0.00
1086.2594	0.00
1086.2595	0.00
1086.2596	0.00
1086.2597	0.00
1086.2598	0.00
1086.2599	0.00
1086.2601	0.00
1086.2602	0.00
1086.2603	0.00
1086.2605	0.00
1086.2606	0.00
1086.2607	0.00
1086.2608	0.00
1086.2609	0.00
1086.2610	0.00
1086.2611	0.00
1086.2612	0.00
1086.2613	0.00
1086.2615	0.00
